70,88
 15, 15, 15, 15, 15, 15, 15, 15, 15, 15, 15, 15, 15, 15, 15, 15, 15, 15, 15, 15, 15, 15, 15, 15, 15, 15, 15, 15, 15, 15, 15, 15, 15, 15, 15, 15, 15, 15, 15, 15, 15, 15, 15, 15, 15, 15, 15, 15, 15, 15, 15, 15, 15, 15, 15, 15, 15, 15, 15, 15, 15, 15, 15, 15, 15, 15, 15, 15, 15, 15,
 15, 15, 15, 15, 15, 15, 15, 15, 15, 15, 15, 15, 15, 15, 15, 15, 15, 15, 15, 15, 15, 15, 15, 15, 15, 15, 15, 15, 15, 15, 15, 15, 15, 15, 15, 15, 15, 15, 15, 15, 15, 15, 15, 15, 15, 15, 15, 15, 15, 15, 15, 15, 15, 15, 15, 15, 15, 15, 15, 15, 15, 15, 15, 15, 15, 15, 15, 15, 15, 15,
 15, 15, 15, 15, 15, 15, 15, 15, 15, 15, 15, 15, 15, 15, 15, 15, 15, 15, 15, 15, 15, 15, 15, 15, 15, 15, 15, 15, 15, 15, 15, 15, 15, 15, 15, 15, 15, 15, 15, 15, 15, 15, 15, 15, 15, 15, 15, 15, 15, 15, 15, 15, 15, 15, 15, 15, 15, 15, 15, 15, 15, 15, 15, 15, 15, 15, 15, 15, 15, 15,
 15, 15, 15, 15, 15, 15, 15, 15, 15, 15, 15, 15, 15, 15, 15, 15, 15, 15, 15, 15, 15, 15, 15, 15, 15, 15, 15, 15, 15, 15, 15, 15, 15, 15, 15, 15, 15, 15, 15, 15, 15, 15, 15, 15, 15, 15, 15, 15, 15, 15, 15, 15, 15, 15, 15, 15, 15, 15, 15, 15, 15, 15, 15, 15, 15, 15, 15, 15, 15, 15,
 15, 15, 15, 15, 15, 15, 15, 15, 15, 15, 15, 15, 15, 15, 15, 15, 15, 15, 15, 15, 15, 15, 15, 15, 15, 15, 15, 15, 15, 15, 15, 15, 15, 15, 15, 15, 15, 15, 15, 15, 15, 15, 15, 15, 15, 15, 15, 15, 15, 15, 15, 15, 15, 15, 15, 15, 15, 15, 15, 15, 15, 15, 15, 15, 15, 15, 15, 15, 15, 15,
 15, 15, 15, 15, 15, 15, 15, 15, 15, 15, 15, 15, 15, 15, 15, 15, 15, 15, 15, 15, 15, 15, 15, 15, 15, 15, 15, 15, 15, 15, 15, 15, 15, 15, 15, 15, 15, 15, 15, 15, 15, 15, 15, 15, 15, 15, 15, 15, 15, 15, 15, 15, 15, 15, 15, 15, 15, 15, 15, 15, 15, 15, 15, 15, 15, 15, 15, 15, 15, 15,
 15, 15, 15, 15, 15, 15, 15, 15, 15, 15, 15, 15, 15, 15, 15, 15, 15, 15, 15, 15, 15, 15, 15, 15, 15, 15, 15, 15, 15, 15, 15, 15, 15, 15, 15, 15, 15, 15, 15, 15, 15, 15, 15, 15, 15, 15, 15, 15, 15, 15, 15, 15, 15, 15, 15, 15, 15, 15, 15, 15, 15, 15, 15, 15, 15, 15, 15, 15, 15, 15,
 15, 15, 15, 15, 15, 15, 15, 15, 15, 15, 15, 15, 15, 15, 15, 15, 15, 15, 15, 15, 15, 15, 15, 15, 15, 15, 15, 15, 15, 15, 15, 15, 15, 15, 15, 15, 15, 15, 15, 15, 15, 15, 15, 15, 15, 15, 15, 15, 15, 15, 15, 15, 15, 15, 15, 15, 15, 15, 15, 15, 15, 15, 15, 15, 15, 15, 15, 15, 15, 15,
 15, 15, 15, 15, 15, 15, 15, 15, 15, 15, 15, 15, 15, 15, 15, 15, 15, 15, 15, 15, 15, 15, 15, 15, 15, 15, 15, 15, 15, 15, 15, 15, 15, 15, 15, 15, 15, 15, 15, 15, 15, 15, 15, 15, 15, 15, 15, 15, 15, 15, 15, 15, 15, 15, 15, 15, 15, 15, 15, 15, 15, 15, 15, 15, 15, 15, 15, 15, 15, 15,
 15, 15, 15, 15, 15, 15, 15, 15, 15, 15, 15, 15, 15, 15, 15, 15, 15, 15, 15, 15, 15, 15, 15, 15, 15, 15, 15, 15, 15, 15, 15, 15,  8,  8, 15, 15, 15, 15, 15, 15, 15, 15, 15, 15, 15, 15, 15, 15, 15, 15, 15, 15, 15, 15, 15, 15, 15, 15, 15, 15, 15, 15, 15, 15, 15, 15, 15, 15, 15, 15,
 15, 15, 15, 15, 15, 15, 15, 15, 15, 15, 15, 15, 15, 15, 15, 15, 15, 15, 15, 15, 15, 15, 15, 15, 15, 15, 15, 15,  8,  8,  6,  6,  6,  6,  6,  6,  6,  6,  6,  6,  6,  6, 15, 15, 15, 15, 15, 15, 15, 15, 15, 15, 15, 15, 15, 15, 15, 15, 15, 15, 15, 15, 15, 15, 15, 15, 15, 15, 15, 15,
 15, 15, 15, 15, 15, 15, 15, 15, 15, 15, 15, 15, 15, 15, 15, 15, 15, 15, 15, 15, 15, 15, 15, 15,  8,  8,  8,  8,  6,  6,  6,  6,  6,  6,  6,  6,  6,  6,  6,  6,  6,  6,  6,  6, 15, 15, 15, 15, 15, 15, 15, 15, 15, 15, 15, 15, 15, 15, 15, 15, 15, 15, 15, 15, 15, 15, 15, 15, 15, 15,
 15, 15, 15, 15, 15, 15, 15, 15, 15, 15, 15, 15, 15, 15,  6,  6,  6,  6,  6,  6,  6,  6, 15, 15,  8,  8,  6,  6,  6,  6,  7,  7,  7,  7,  7,  7,  7,  7,  6,  6,  6,  6,  6,  6,  6,  6, 15, 15, 15, 15, 15, 15, 15, 15, 15, 15, 15, 15, 15, 15, 15, 15, 15, 15, 15, 15, 15, 15, 15, 15,
 15, 15, 15, 15, 15, 15, 15, 15, 15, 15, 15, 15,  6,  6,  6,  6,  7,  7,  6,  6,  6,  6,  6,  6,  6,  6,  8,  8,  5,  5,  7,  7,  5,  5,  5,  5,  5,  5,  5,  5,  5,  5,  6,  6,  7,  7,  6,  6, 15, 15, 15, 15, 15, 15, 15, 15, 15, 15, 15, 15, 15, 15, 15, 15, 15, 15, 15, 15, 15, 15,
 15, 15, 15, 15, 15, 15, 15, 15, 15, 15, 15, 15,  6,  6,  7,  7,  7,  7,  7,  7,  7,  7,  6,  6,  6,  6,  4,  4,  7,  7,  5,  5,  5,  5,  5,  5,  5,  5,  5,  5,  5,  5,  5,  5,  6,  6,  6,  6, 15, 15, 15, 15, 15, 15, 15, 15, 15, 15, 15, 15, 15, 15, 15, 15, 15, 15, 15, 15, 15, 15,
 15, 15, 15, 15, 15, 15, 15, 15, 15, 15,  7,  7,  7,  7,  7,  7,  5,  5,  7,  7,  7,  7,  7,  7,  7,  7,  6,  6,  7,  7,  5,  5,  5,  5,  5,  5,  5,  5,  5,  5,  5,  5,  5,  5,  5,  5,  7,  7,  6,  6,  6,  6, 15, 15, 15, 15, 15, 15, 15, 15, 15, 15, 15, 15, 15, 15, 15, 15, 15, 15,
 15, 15, 15, 15, 15, 15, 15, 15,  7,  7,  7,  7,  7,  7,  5,  5,  5,  5,  5,  5,  5,  5,  5,  5,  7,  7,  7,  7,  6,  6,  5,  5,  5,  5,  5,  5,  5,  5,  5,  5,  5,  5,  5,  5,  5,  5,  7,  7,  6,  6,  6,  6,  6,  6, 15, 15, 15, 15, 15, 15, 15, 15, 15, 15, 15, 15, 15, 15, 15, 15,
 15, 15, 15, 15, 15, 15, 15, 15,  7,  7,  7,  7,  5,  5,  5,  5,  5,  5,  5,  5,  5,  5,  5,  5,  5,  5,  7,  7,  6,  6,  6,  6,  5,  5,  5,  5,  5,  5,  5,  5,  5,  5,  5,  5,  5,  5,  5,  5,  7,  7,  6,  6,  6,  6, 15, 15, 15, 15, 15, 15, 15, 15, 15, 15, 15, 15, 15, 15, 15, 15,
 15, 15, 15, 15, 15, 15, 15, 15,  7,  7,  5,  5,  5,  5,  5,  5,  5,  5,  5,  5,  5,  5,  5,  5,  5,  5,  5,  5,  7,  7,  6,  6,  5,  5,  5,  5,  5,  5,  5,  5,  5,  5,  5,  5,  5,  5,  5,  5,  5,  5,  5,  5,  8,  8,  6,  6, 15, 15, 15, 15, 15, 15, 15, 15, 15, 15, 15, 15, 15, 15,
 15, 15, 15, 15, 15, 15, 15, 15,  6,  6,  5,  5,  5,  5,  5,  5,  5,  5,  5,  5,  5,  5,  5,  5,  5,  5,  5,  5,  5,  5,  5,  5,  5,  5,  5,  5,  5,  5,  5,  5,  5,  5,  5,  5,  5,  5,  5,  5,  5,  5,  7,  7,  7,  7,  6,  6,  6,  6, 15, 15, 15, 15, 15, 15, 15, 15, 15, 15, 15, 15,
 15, 15, 15, 15, 15, 15, 15, 15,  6,  6,  5,  5,  5,  5,  5,  5,  5,  5,  5,  5,  5,  5,  5,  5,  5,  5,  5,  5,  5,  5,  5,  5,  5,  5,  5,  5,  5,  5,  5,  5,  5,  5,  5,  5,  5,  5,  5,  5,  5,  5,  5,  5,  7,  7,  6,  6,  6,  6, 15, 15, 15, 15, 15, 15, 15, 15, 15, 15, 15, 15,
 15, 15, 15, 15, 15, 15, 15, 15,  6,  6,  5,  5,  5,  5,  5,  5,  5,  5,  5,  5,  5,  5,  5,  5,  5,  5,  5,  5,  5,  5,  5,  5,  5,  5,  5,  5,  5,  5,  5,  5,  5,  5,  5,  5,  5,  5,  5,  5,  5,  5,  5,  5,  7,  7,  6,  6,  6,  6, 15, 15, 15, 15, 15, 15, 15, 15, 15, 15, 15, 15,
 15, 15, 15, 15, 15, 15, 15, 15,  6,  6,  5,  5,  5,  5,  5,  5,  5,  5,  5,  5,  5,  5,  5,  5,  5,  5,  5,  5,  5,  5,  5,  5,  5,  5,  5,  5,  5,  5,  5,  5,  7,  7,  6,  6,  5,  5,  5,  5,  5,  5,  5,  5,  7,  7,  6,  6,  6,  6,  6,  6, 15, 15, 15, 15, 15, 15, 15, 15, 15, 15,
 15, 15, 15, 15, 15, 15, 15, 15,  6,  6,  6,  6,  5,  5,  5,  5,  5,  5,  5,  5,  5,  5,  5,  5,  5,  5,  5,  5,  5,  5,  5,  5,  5,  5,  5,  5,  5,  5,  5,  5,  7,  7,  6,  6,  5,  5,  5,  5,  5,  5,  5,  5,  5,  5,  6,  6,  6,  6,  7,  7, 15, 15, 15, 15, 15, 15, 15, 15, 15, 15,
 15, 15, 15, 15, 15, 15, 15, 15,  7,  7,  6,  6,  5,  5,  5,  5,  5,  5,  5,  5,  5,  5,  5,  5,  5,  5,  5,  5,  5,  5,  5,  5,  5,  5,  5,  5,  5,  5,  5,  5,  5,  5,  7,  7,  6,  6,  5,  5,  5,  5,  5,  5,  5,  5,  5,  5,  7,  7,  7,  7,  6,  6, 15, 15, 15, 15, 15, 15, 15, 15,
 15, 15, 15, 15, 15, 15, 15, 15,  6,  6,  6,  6,  6,  6,  5,  5,  5,  5,  5,  5,  5,  5,  5,  5,  5,  5,  5,  5,  5,  5,  5,  5,  5,  5,  5,  5,  5,  5,  5,  5,  5,  5,  5,  5,  6,  6,  5,  5,  5,  5,  5,  5,  5,  5,  5,  5,  7,  7,  7,  7,  6,  6, 15, 15, 15, 15, 15, 15, 15, 15,
 15, 15, 15, 15, 15, 15,  6,  6,  6,  6,  7,  7,  6,  6,  5,  5,  5,  5,  5,  5,  5,  5,  5,  5,  5,  5,  5,  5,  5,  5,  5,  5,  5,  5,  5,  5,  5,  5,  5,  5,  5,  5,  5,  5,  7,  7,  6,  6,  5,  5,  5,  5,  5,  5,  5,  5,  5,  5,  7,  7,  6,  6, 15, 15, 15, 15, 15, 15, 15, 15,
 15, 15, 15, 15, 15, 15,  6,  6,  7,  7,  7,  7,  7,  7,  6,  6,  6,  6,  5,  5,  5,  5,  5,  5,  5,  5,  5,  5,  5,  5,  5,  5,  5,  5,  5,  5,  5,  5,  5,  5,  5,  5,  5,  5,  7,  7,  6,  6,  5,  5,  5,  5,  5,  5,  5,  5,  5,  5,  7,  7,  6,  6, 15, 15, 15, 15, 15, 15, 15, 15,
 15, 15, 15, 15,  6,  6,  8,  8,  7,  7,  7,  7,  5,  5,  5,  5,  5,  5,  5,  5,  5,  5,  5,  5,  5,  5,  5,  5,  5,  5,  5,  5,  5,  5,  5,  5,  5,  5,  5,  5,  5,  5,  5,  5,  7,  7,  6,  6,  5,  5,  5,  5,  5,  5,  5,  5,  5,  5,  7,  7,  6,  6, 15, 15, 15, 15, 15, 15, 15, 15,
 15, 15, 15, 15,  6,  6,  7,  7,  7,  7,  5,  5,  5,  5,  5,  5,  5,  5,  5,  5,  5,  5,  6,  6,  6,  6,  6,  6,  6,  6,  5,  5,  5,  5,  5,  5,  5,  5,  5,  5,  5,  5,  5,  5,  7,  7,  6,  6,  5,  5,  5,  5,  5,  5,  5,  5,  5,  5,  7,  7,  6,  6, 15, 15, 15, 15, 15, 15, 15, 15,
 15, 15,  6,  6,  7,  7,  7,  7,  5,  5,  5,  5,  5,  5,  5,  5,  5,  5,  5,  5,  6,  6,  6,  6,  7,  7,  7,  7,  7,  7,  6,  6,  5,  5,  5,  5,  5,  5,  5,  5,  5,  5,  5,  5,  7,  7,  7,  7,  5,  5,  5,  5,  5,  5,  5,  5,  5,  5,  6,  6,  6,  6, 15, 15, 15, 15, 15, 15, 15, 15,
 15, 15,  6,  6,  7,  7,  5,  5,  5,  5,  5,  5,  5,  5,  5,  5,  5,  5,  6,  6,  6,  6,  7,  7,  7,  7,  6,  6,  7,  7,  6,  6,  5,  5,  5,  5,  5,  5,  5,  5,  5,  5,  5,  5,  7,  7,  7,  7,  5,  5,  5,  5,  5,  5,  5,  5,  5,  5,  7,  7,  6,  6, 15, 15, 15, 15, 15, 15, 15, 15,
 15, 15,  6,  6,  7,  7,  5,  5,  5,  5,  5,  5,  5,  5,  5,  5,  5,  5,  6,  6,  7,  7,  7,  7,  5,  5,  5,  5,  5,  5,  5,  5,  5,  5,  5,  5,  5,  5,  5,  5,  5,  5,  5,  5,  7,  7,  7,  7,  5,  5,  5,  5,  5,  5,  5,  5,  5,  5,  7,  7,  6,  6, 15, 15, 15, 15, 15, 15, 15, 15,
  6,  6,  6,  6,  5,  5,  5,  5,  5,  5,  5,  5,  5,  5,  5,  5,  6,  6,  7,  7,  7,  7,  5,  5,  5,  5,  5,  5,  5,  5,  5,  5,  5,  5,  5,  5,  5,  5,  5,  5,  5,  5,  5,  5,  7,  7,  6,  6,  5,  5,  5,  5,  5,  5,  5,  5,  5,  5,  7,  7,  6,  6, 15, 15, 15, 15, 15, 15, 15, 15,
  6,  6,  6,  6,  5,  5,  5,  5,  5,  5,  5,  5,  5,  5,  5,  5,  6,  6,  7,  7,  7,  7,  5,  5,  5,  5,  5,  5,  5,  5,  5,  5,  5,  5,  5,  5,  5,  5,  5,  5,  5,  5,  5,  5,  7,  7,  6,  6,  5,  5,  5,  5,  5,  5,  5,  5,  7,  7,  7,  7,  6,  6,  8,  8, 15, 15, 15, 15, 15, 15,
  6,  6,  7,  7,  5,  5,  5,  5,  5,  5,  5,  5,  5,  5,  5,  5,  6,  6,  7,  7,  5,  5,  5,  5,  5,  5,  5,  5,  5,  5,  5,  5,  5,  5,  5,  5,  5,  5,  5,  5,  5,  5,  5,  5,  5,  5,  6,  6,  5,  5,  5,  5,  5,  5,  5,  5,  7,  7,  7,  7,  6,  6,  8,  8, 15, 15, 15, 15, 15, 15,
  6,  6,  7,  7,  5,  5,  5,  5,  5,  5,  5,  5,  5,  5,  5,  5,  6,  6,  7,  7,  5,  5,  5,  5,  5,  5,  5,  5,  5,  5,  5,  5,  5,  5,  5,  5,  5,  5,  5,  5,  5,  5,  5,  5,  7,  7,  6,  6,  5,  5,  5,  5,  5,  5,  5,  5,  7,  7,  6,  6,  6,  6,  6,  6, 15, 15, 15, 15, 15, 15,
  6,  6,  7,  7,  5,  5,  5,  5,  5,  5,  5,  5,  5,  5,  5,  5,  7,  7,  7,  7,  5,  5,  5,  5,  5,  5,  5,  5,  5,  5,  5,  5,  5,  5,  5,  5,  5,  5,  5,  5,  5,  5,  5,  5,  7,  7,  5,  5,  5,  5,  5,  5,  5,  5,  5,  5,  7,  7,  6,  6,  5,  5,  6,  6, 15, 15, 15, 15, 15, 15,
  6,  6,  7,  7,  5,  5,  5,  5,  5,  5,  5,  5,  5,  5,  5,  5,  7,  7,  7,  7,  5,  5,  5,  5,  5,  5,  5,  5,  5,  5,  5,  5,  5,  5,  5,  5,  5,  5,  5,  5,  5,  5,  5,  5,  6,  6,  5,  5,  5,  5,  5,  5,  5,  5,  7,  7,  6,  6,  6,  6,  5,  5,  6,  6,  6,  6, 15, 15, 15, 15,
  6,  6,  7,  7,  5,  5,  5,  5,  5,  5,  5,  5,  5,  5,  5,  5,  7,  7,  7,  7,  5,  5,  5,  5,  5,  5,  5,  5,  5,  5,  5,  5,  5,  5,  5,  5,  5,  5,  5,  5,  5,  5,  5,  5,  5,  5,  5,  5,  5,  5,  5,  5,  5,  5,  7,  7,  6,  6,  5,  5,  5,  5,  6,  6,  6,  6, 15, 15, 15, 15,
  6,  6,  7,  7,  5,  5,  5,  5,  5,  5,  5,  5,  5,  5,  5,  5,  7,  7,  5,  5,  5,  5,  5,  5,  5,  5,  5,  5,  5,  5,  5,  5,  5,  5,  5,  5,  5,  5,  5,  5,  5,  5,  5,  5,  5,  5,  5,  5,  5,  5,  5,  5,  7,  7,  6,  6,  6,  6,  5,  5,  5,  5,  7,  7,  6,  6, 15, 15, 15, 15,
  6,  6,  6,  6,  5,  5,  5,  5,  5,  5,  5,  5,  5,  5,  5,  5,  7,  7,  7,  7,  5,  5,  5,  5,  5,  5,  5,  5,  5,  5,  5,  5,  5,  5,  5,  5,  5,  5,  5,  5,  5,  5,  5,  5,  5,  5,  5,  5,  5,  5,  5,  5,  6,  6,  6,  6,  5,  5,  5,  5,  5,  5,  6,  6,  6,  6, 15, 15, 15, 15,
 15, 15,  6,  6,  7,  7,  5,  5,  5,  5,  5,  5,  5,  5,  5,  5,  5,  5,  7,  7,  5,  5,  5,  5,  5,  5,  5,  5,  5,  5,  5,  5,  5,  5,  5,  5,  5,  5,  5,  5,  5,  5,  7,  7,  5,  5,  5,  5,  5,  5,  6,  6,  6,  6,  5,  5,  5,  5,  5,  5,  5,  5,  7,  7,  6,  6, 15, 15, 15, 15,
 15, 15,  6,  6,  7,  7,  7,  7,  5,  5,  5,  5,  5,  5,  5,  5,  5,  5,  7,  7,  5,  5,  5,  5,  5,  5,  5,  5,  5,  5,  5,  5,  5,  5,  5,  5,  5,  5,  5,  5,  5,  5,  7,  7,  5,  5,  5,  5,  7,  7,  6,  6,  6,  6,  5,  5,  5,  5,  5,  5,  5,  5,  7,  7,  6,  6, 15, 15, 15, 15,
 15, 15,  6,  6,  6,  6,  7,  7,  7,  7,  5,  5,  5,  5,  5,  5,  5,  5,  5,  5,  5,  5,  5,  5,  5,  5,  5,  5,  5,  5,  5,  5,  5,  5,  5,  5,  5,  5,  5,  5,  7,  7,  7,  7,  6,  6,  5,  5,  5,  5,  5,  5,  5,  5,  5,  5,  5,  5,  5,  5,  5,  5,  7,  7,  6,  6, 15, 15, 15, 15,
 15, 15,  8,  8,  6,  6,  6,  6,  7,  7,  7,  7,  7,  7,  5,  5,  5,  5,  5,  5,  5,  5,  5,  5,  5,  5,  5,  5,  5,  5,  5,  5,  5,  5,  5,  5,  5,  5,  5,  5,  7,  7,  6,  6,  6,  6,  5,  5,  5,  5,  5,  5,  5,  5,  5,  5,  5,  5,  5,  5,  5,  5,  7,  7,  6,  6, 15, 15, 15, 15,
 15, 15,  8,  8,  7,  7,  6,  6,  6,  6,  6,  6,  5,  5,  7,  7,  7,  7,  5,  5,  5,  5,  5,  5,  5,  5,  5,  5,  5,  5,  5,  5,  5,  5,  5,  5,  5,  5,  7,  7,  7,  7,  6,  6,  5,  5,  5,  5,  5,  5,  5,  5,  5,  5,  5,  5,  5,  5,  5,  5,  5,  5,  6,  6,  6,  6,  6,  6, 15, 15,
 15, 15, 15, 15,  6,  6,  7,  7,  6,  6,  6,  6,  6,  6,  6,  6,  7,  7,  5,  5,  5,  5,  5,  5,  7,  7,  5,  5,  5,  5,  5,  5,  5,  5,  5,  5,  5,  5,  7,  7,  6,  6,  6,  6,  5,  5,  5,  5,  5,  5,  5,  5,  5,  5,  5,  5,  5,  5,  5,  5,  5,  5,  6,  6,  1,  1, 15, 15, 15, 15,
 15, 15, 15, 15,  6,  6,  7,  7,  5,  5,  5,  5,  7,  7,  5,  5,  5,  5,  5,  5,  5,  5,  5,  5,  6,  6,  7,  7,  5,  5,  5,  5,  5,  5,  5,  5,  7,  7,  6,  6,  6,  6,  5,  5,  5,  5,  5,  5,  5,  5,  5,  5,  5,  5,  5,  5,  5,  5,  5,  5,  5,  5,  6,  6,  6,  6, 15, 15, 15, 15,
 15, 15,  6,  6,  6,  6,  7,  7,  5,  5,  5,  5,  5,  5,  5,  5,  5,  5,  5,  5,  5,  5,  5,  5,  6,  6,  7,  7,  6,  6,  7,  7,  7,  7,  7,  7,  6,  6,  6,  6,  5,  5,  5,  5,  5,  5,  5,  5,  5,  5,  5,  5,  5,  5,  5,  5,  5,  5,  5,  5,  7,  7,  6,  6,  6,  6, 15, 15, 15, 15,
 15, 15,  6,  6,  6,  6,  7,  7,  5,  5,  5,  5,  5,  5,  5,  5,  5,  5,  5,  5,  5,  5,  5,  5,  6,  6,  6,  6,  6,  6,  6,  6,  6,  6,  6,  6,  6,  6,  5,  5,  5,  5,  5,  5,  5,  5,  5,  5,  5,  5,  5,  5,  5,  5,  5,  5,  5,  5,  5,  5,  7,  7,  6,  6,  6,  6, 15, 15, 15, 15,
 15, 15,  6,  6,  6,  6,  7,  7,  5,  5,  5,  5,  5,  5,  5,  5,  5,  5,  5,  5,  5,  5,  5,  5,  5,  5,  6,  6,  6,  6,  6,  6,  6,  6,  5,  5,  5,  5,  5,  5,  5,  5,  5,  5,  5,  5,  5,  5,  5,  5,  5,  5,  5,  5,  5,  5,  5,  5,  7,  7,  6,  6,  6,  6, 15, 15, 15, 15, 15, 15,
 15, 15,  6,  6,  6,  6,  7,  7,  5,  5,  5,  5,  5,  5,  5,  5,  5,  5,  5,  5,  5,  5,  5,  5,  5,  5,  5,  5,  5,  5,  5,  5,  5,  5,  5,  5,  5,  5,  5,  5,  5,  5,  5,  5,  5,  5,  5,  5,  5,  5,  5,  5,  5,  5,  5,  5,  5,  5,  7,  7,  6,  6, 15, 15, 15, 15, 15, 15, 15, 15,
 15, 15,  6,  6,  6,  6,  7,  7,  5,  5,  5,  5,  5,  5,  5,  5,  5,  5,  5,  5,  5,  5,  5,  5,  5,  5,  5,  5,  5,  5,  5,  5,  5,  5,  5,  5,  5,  5,  5,  5,  5,  5,  5,  5,  5,  5,  5,  5,  5,  5,  5,  5,  5,  5,  5,  5,  7,  7,  6,  6,  6,  6, 15, 15, 15, 15, 15, 15, 15, 15,
 15, 15,  6,  6,  6,  6,  7,  7,  5,  5,  5,  5,  5,  5,  5,  5,  5,  5,  5,  5,  5,  5,  5,  5,  5,  5,  5,  5,  5,  5,  5,  5,  5,  5,  5,  5,  5,  5,  5,  5,  5,  5,  5,  5,  5,  5,  5,  5,  5,  5,  5,  5,  5,  5,  5,  5,  6,  6,  6,  6,  7,  7, 15, 15, 15, 15, 15, 15, 15, 15,
 15, 15,  6,  6,  6,  6,  7,  7,  5,  5,  5,  5,  5,  5,  5,  5,  5,  5,  5,  5,  6,  6,  5,  5,  5,  5,  5,  5,  5,  5,  5,  5,  5,  5,  5,  5,  5,  5,  5,  5,  5,  5,  5,  5,  5,  5,  5,  5,  5,  5,  5,  5,  5,  5,  6,  6,  6,  6,  6,  6, 15, 15, 15, 15, 15, 15, 15, 15, 15, 15,
 15, 15,  6,  6,  6,  6,  7,  7,  5,  5,  5,  5,  5,  5,  5,  5,  5,  5,  5,  5,  6,  6,  5,  5,  5,  5,  5,  5,  5,  5,  5,  5,  5,  5,  5,  5,  5,  5,  5,  5,  5,  5,  5,  5,  5,  5,  5,  5,  5,  5,  5,  5,  7,  7,  6,  6,  6,  6,  5,  5, 15, 15, 15, 15, 15, 15, 15, 15, 15, 15,
 15, 15,  6,  6,  6,  6,  7,  7,  5,  5,  5,  5,  5,  5,  5,  5,  5,  5,  5,  5,  6,  6,  5,  5,  5,  5,  5,  5,  5,  5,  5,  5,  5,  5,  5,  5,  5,  5,  5,  5,  5,  5,  5,  5,  5,  5,  5,  5,  5,  5,  5,  5,  6,  6,  6,  6,  7,  7, 14, 14, 15, 15, 15, 15, 15, 15, 15, 15, 15, 15,
 15, 15,  6,  6,  6,  6,  7,  7,  5,  5,  5,  5,  5,  5,  5,  5,  5,  5,  5,  5,  6,  6,  5,  5,  5,  5,  5,  5,  5,  5,  5,  5,  5,  5,  5,  5,  5,  5,  5,  5,  5,  5,  5,  5,  5,  5,  5,  5,  7,  7,  7,  7,  6,  6,  6,  6,  5,  5,  8,  8, 15, 15, 15, 15, 15, 15, 15, 15, 15, 15,
 15, 15,  6,  6,  6,  6,  7,  7,  5,  5,  5,  5,  5,  5,  5,  5,  5,  5,  5,  5,  6,  6,  5,  5,  5,  5,  5,  5,  5,  5,  5,  5,  5,  5,  5,  5,  5,  5,  5,  5,  5,  5,  6,  6,  5,  5,  5,  5,  6,  6,  6,  6,  6,  6,  6,  6, 14, 14,  8,  8, 15, 15, 15, 15, 15, 15, 15, 15, 15, 15,
 15, 15, 15, 15,  6,  6,  7,  7,  5,  5,  5,  5,  5,  5,  5,  5,  5,  5,  5,  5,  6,  6,  7,  7,  5,  5,  5,  5,  5,  5,  5,  5,  5,  5,  5,  5,  5,  5,  5,  5,  5,  5,  5,  5,  6,  6,  6,  6,  6,  6,  6,  6,  6,  6, 14, 14, 14, 14, 15, 15, 15, 15, 15, 15, 15, 15, 15, 15, 15, 15,
 15, 15, 15, 15,  6,  6,  6,  6,  7,  7,  5,  5,  5,  5,  5,  5,  5,  5,  5,  5,  6,  6,  6,  6,  7,  7,  5,  5,  5,  5,  5,  5,  5,  5,  5,  5,  5,  5,  5,  5,  5,  5,  5,  5,  5,  5,  5,  5,  7,  7,  6,  6, 14, 14, 14, 14,  8,  8, 15, 15, 15, 15, 15, 15, 15, 15, 15, 15, 15, 15,
 15, 15, 15, 15,  6,  6,  6,  6,  6,  6,  7,  7,  5,  5,  5,  5,  5,  5,  5,  5,  5,  5,  6,  6,  7,  7,  7,  7,  5,  5,  5,  5,  5,  5,  5,  5,  5,  5,  5,  5,  5,  5,  5,  5,  5,  5,  5,  5,  7,  7,  6,  6, 14, 14, 14, 14, 15, 15, 15, 15, 15, 15, 15, 15, 15, 15, 15, 15, 15, 15,
 15, 15, 15, 15,  6,  6,  6,  6,  6,  6,  6,  6,  5,  5,  5,  5,  5,  5,  5,  5,  7,  7,  6,  6,  7,  7,  7,  7,  5,  5,  5,  5,  5,  5,  5,  5,  5,  5,  5,  5,  5,  5,  5,  5,  5,  5,  7,  7,  7,  7, 14, 14, 14, 14,  8,  8, 15, 15, 15, 15, 15, 15, 15, 15, 15, 15, 15, 15, 15, 15,
 15, 15, 15, 15, 15, 15,  6,  6,  6,  6,  6,  6,  6,  6,  6,  6,  6,  6,  6,  6,  7,  7,  6,  6,  6,  6,  7,  7,  7,  7,  5,  5,  5,  5,  5,  5,  5,  5,  5,  5,  5,  5,  5,  5,  7,  7,  7,  7,  6,  6,  8,  8,  8,  8, 15, 15, 15, 15, 15, 15, 15, 15, 15, 15, 15, 15, 15, 15, 15, 15,
 15, 15, 15, 15, 15, 15, 15, 15,  6,  6,  6,  6,  7,  7,  7,  7,  7,  7,  7,  7,  7,  7,  7,  7,  6,  6,  6,  6,  7,  7,  7,  7,  5,  5,  5,  5,  5,  5,  5,  5,  5,  5,  7,  7,  7,  7,  6,  6,  8,  8, 15, 15, 15, 15, 15, 15, 15, 15, 15, 15, 15, 15, 15, 15, 15, 15, 15, 15, 15, 15,
 15, 15, 15, 15, 15, 15, 15, 15, 15, 15,  7,  7,  6,  6,  6,  6,  6,  6,  6,  6,  6,  6,  8,  8,  6,  6,  6,  6,  7,  7,  7,  7,  7,  7,  7,  7,  7,  7,  7,  7,  7,  7,  7,  7,  7,  7,  6,  6, 15, 15, 15, 15, 15, 15, 15, 15, 15, 15, 15, 15, 15, 15, 15, 15, 15, 15, 15, 15, 15, 15,
 15, 15, 15, 15, 15, 15, 15, 15, 15, 15, 15, 15, 15, 15,  5,  5,  5,  5, 15, 15, 15, 15, 15, 15,  8,  8,  6,  6,  7,  7,  7,  7,  7,  7,  7,  7,  7,  7,  7,  7,  7,  7,  6,  6,  6,  6,  6,  6, 15, 15, 15, 15, 15, 15, 15, 15, 15, 15, 15, 15, 15, 15, 15, 15, 15, 15, 15, 15, 15, 15,
 15, 15, 15, 15, 15, 15, 15, 15, 15, 15, 15, 15, 15, 15, 15, 15, 15, 15, 15, 15, 15, 15, 15, 15, 15, 15,  8,  8,  8,  8,  7,  7,  7,  7,  7,  7,  6,  6,  6,  6,  6,  6,  6,  6,  6,  6, 15, 15, 15, 15, 15, 15, 15, 15, 15, 15, 15, 15, 15, 15, 15, 15, 15, 15, 15, 15, 15, 15, 15, 15,
 15, 15, 15, 15, 15, 15, 15, 15, 15, 15, 15, 15, 15, 15, 15, 15, 15, 15, 15, 15, 15, 15, 15, 15, 15, 15, 15, 15, 15, 15,  8,  8,  8,  8,  8,  8,  6,  6,  6,  6,  6,  6,  6,  6, 15, 15, 15, 15, 15, 15, 15, 15, 15, 15, 15, 15, 15, 15, 15, 15, 15, 15, 15, 15, 15, 15, 15, 15, 15, 15,
 15, 15, 15, 15, 15, 15, 15, 15, 15, 15, 15, 15, 15, 15, 15, 15, 15, 15, 15, 15, 15, 15, 15, 15, 15, 15, 15, 15, 15, 15,  6,  6,  6,  6,  6,  6,  6,  6,  6,  6, 15, 15, 15, 15, 15, 15, 15, 15, 15, 15, 15, 15, 15, 15, 15, 15, 15, 15, 15, 15, 15, 15, 15, 15, 15, 15, 15, 15, 15, 15,
 15, 15, 15, 15, 15, 15, 15, 15, 15, 15, 15, 15, 15, 15, 15, 15, 15, 15, 15, 15, 15, 15, 15, 15, 15, 15, 15, 15, 15, 15, 15, 15, 15, 15, 15, 15, 15, 15, 15, 15, 15, 15, 15, 15, 15, 15, 15, 15, 15, 15, 15, 15, 15, 15, 15, 15, 15, 15, 15, 15, 15, 15, 15, 15, 15, 15, 15, 15, 15, 15,
 15, 15, 15, 15, 15, 15, 15, 15, 15, 15, 15, 15, 15, 15, 15, 15, 15, 15, 15, 15, 15, 15, 15, 15, 15, 15, 15, 15, 15, 15, 15, 15, 15, 15, 15, 15, 15, 15, 15, 15, 15, 15, 15, 15, 15, 15, 15, 15, 15, 15, 15, 15, 15, 15, 15, 15, 15, 15, 15, 15, 15, 15, 15, 15, 15, 15, 15, 15, 15, 15,
 15, 15, 15, 15, 15, 15, 15, 15, 15, 15, 15, 15, 15, 15, 15, 15, 15, 15, 15, 15, 15, 15, 15, 15, 15, 15, 15, 15, 15, 15, 15, 15, 15, 15, 15, 15, 15, 15, 15, 15, 15, 15, 15, 15, 15, 15, 15, 15, 15, 15, 15, 15, 15, 15, 15, 15, 15, 15, 15, 15, 15, 15, 15, 15, 15, 15, 15, 15, 15, 15,
 15, 15, 15, 15, 15, 15, 15, 15, 15, 15, 15, 15, 15, 15, 15, 15, 15, 15, 15, 15, 15, 15, 15, 15, 15, 15, 15, 15, 15, 15, 15, 15, 15, 15, 15, 15, 15, 15, 15, 15, 15, 15, 15, 15, 15, 15, 15, 15, 15, 15, 15, 15, 15, 15, 15, 15, 15, 15, 15, 15, 15, 15, 15, 15, 15, 15, 15, 15, 15, 15,
 15, 15, 15, 15, 15, 15, 15, 15, 15, 15, 15, 15, 15, 15, 15, 15, 15, 15, 15, 15, 15, 15, 15, 15, 15, 15, 15, 15, 15, 15, 15, 15, 15, 15, 15, 15, 15, 15, 15, 15, 15, 15, 15, 15, 15, 15, 15, 15, 15, 15, 15, 15, 15, 15, 15, 15, 15, 15, 15, 15, 15, 15, 15, 15, 15, 15, 15, 15, 15, 15,
 15, 15, 15, 15, 15, 15, 15, 15, 15, 15, 15, 15, 15, 15, 15, 15, 15, 15, 15, 15, 15, 15, 15, 15, 15, 15, 15, 15, 15, 15, 15, 15, 15, 15, 15, 15, 15, 15, 15, 15, 15, 15, 15, 15, 15, 15, 15, 15, 15, 15, 15, 15, 15, 15, 15, 15, 15, 15, 15, 15, 15, 15, 15, 15, 15, 15, 15, 15, 15, 15,
 15, 15, 15, 15, 15, 15, 15, 15, 15, 15, 15, 15, 15, 15, 15, 15, 15, 15, 15, 15, 15, 15, 15, 15, 15, 15, 15, 15, 15, 15, 15, 15, 15, 15, 15, 15, 15, 15, 15, 15, 15, 15, 15, 15, 15, 15, 15, 15, 15, 15, 15, 15, 15, 15, 15, 15, 15, 15, 15, 15, 15, 15, 15, 15, 15, 15, 15, 15, 15, 15,
 15, 15, 15, 15, 15, 15, 15, 15, 15, 15, 15, 15, 15, 15, 15, 15, 15, 15, 15, 15, 15, 15, 15, 15, 15, 15, 15, 15, 15, 15, 15, 15, 15, 15, 15, 15, 15, 15, 15, 15, 15, 15, 15, 15, 15, 15, 15, 15, 15, 15, 15, 15, 15, 15, 15, 15, 15, 15, 15, 15, 15, 15, 15, 15, 15, 15, 15, 15, 15, 15,
 15, 15, 15, 15, 15, 15, 15, 15, 15, 15, 15, 15, 15, 15, 15, 15, 15, 15, 15, 15, 15, 15, 15, 15, 15, 15, 15, 15, 15, 15, 15, 15, 15, 15, 15, 15, 15, 15, 15, 15, 15, 15, 15, 15, 15, 15, 15, 15, 15, 15, 15, 15, 15, 15, 15, 15, 15, 15, 15, 15, 15, 15, 15, 15, 15, 15, 15, 15, 15, 15,
 15, 15, 15, 15, 15, 15, 15, 15, 15, 15, 15, 15, 15, 15, 15, 15, 15, 15, 15, 15, 15, 15, 15, 15, 15, 15, 15, 15, 15, 15, 15, 15, 15, 15, 15, 15, 15, 15, 15, 15, 15, 15, 15, 15, 15, 15, 15, 15, 15, 15, 15, 15, 15, 15, 15, 15, 15, 15, 15, 15, 15, 15, 15, 15, 15, 15, 15, 15, 15, 15,
 15, 15, 15, 15, 15, 15, 15, 15, 15, 15, 15, 15, 15, 15, 15, 15, 15, 15, 15, 15, 15, 15, 15, 15, 15, 15, 15, 15, 15, 15, 15, 15, 15, 15, 15, 15, 15, 15, 15, 15, 15, 15, 15, 15, 15, 15, 15, 15, 15, 15, 15, 15, 15, 15, 15, 15, 15, 15, 15, 15, 15, 15, 15, 15, 15, 15, 15, 15, 15, 15,
 15, 15, 15, 15, 15, 15, 15, 15, 15, 15, 15, 15, 15, 15, 15, 15, 15, 15, 15, 15, 15, 15, 15, 15, 15, 15, 15, 15, 15, 15, 15, 15, 15, 15, 15, 15, 15, 15, 15, 15, 15, 15, 15, 15, 15, 15, 15, 15, 15, 15, 15, 15, 15, 15, 15, 15, 15, 15, 15, 15, 15, 15, 15, 15, 15, 15, 15, 15, 15, 15,
 15, 15, 15, 15, 15, 15, 15, 15, 15, 15, 15, 15, 15, 15, 15, 15, 15, 15, 15, 15, 15, 15, 15, 15, 15, 15, 15, 15, 15, 15, 15, 15, 15, 15, 15, 15, 15, 15, 15, 15, 15, 15, 15, 15, 15, 15, 15, 15, 15, 15, 15, 15, 15, 15, 15, 15, 15, 15, 15, 15, 15, 15, 15, 15, 15, 15, 15, 15, 15, 15,
 15, 15, 15, 15, 15, 15, 15, 15, 15, 15, 15, 15, 15, 15, 15, 15, 15, 15, 15, 15, 15, 15, 15, 15, 15, 15, 15, 15, 15, 15, 15, 15, 15, 15, 15, 15, 15, 15, 15, 15, 15, 15, 15, 15, 15, 15, 15, 15, 15, 15, 15, 15, 15, 15, 15, 15, 15, 15, 15, 15, 15, 15, 15, 15, 15, 15, 15, 15, 15, 15,
 15, 15, 15, 15, 15, 15, 15, 15, 15, 15, 15, 15, 15, 15, 15, 15, 15, 15, 15, 15, 15, 15, 15, 15, 15, 15, 15, 15, 15, 15, 15, 15, 15, 15, 15, 15, 15, 15, 15, 15, 15, 15, 15, 15, 15, 15, 15, 15, 15, 15, 15, 15, 15, 15, 15, 15, 15, 15, 15, 15, 15, 15, 15, 15, 15, 15, 15, 15, 15, 15,
 15, 15, 15, 15, 15, 15, 15, 15, 15, 15, 15, 15, 15, 15, 15, 15, 15, 15, 15, 15, 15, 15, 15, 15, 15, 15, 15, 15, 15, 15, 15, 15, 15, 15, 15, 15, 15, 15, 15, 15, 15, 15, 15, 15, 15, 15, 15, 15, 15, 15, 15, 15, 15, 15, 15, 15, 15, 15, 15, 15, 15, 15, 15, 15, 15, 15, 15, 15, 15, 15,
 15, 15, 15, 15, 15, 15, 15, 15, 15, 15, 15, 15, 15, 15, 15, 15, 15, 15, 15, 15, 15, 15, 15, 15, 15, 15, 15, 15, 15, 15, 15, 15, 15, 15, 15, 15, 15, 15, 15, 15, 15, 15, 15, 15, 15, 15, 15, 15, 15, 15, 15, 15, 15, 15, 15, 15, 15, 15, 15, 15, 15, 15, 15, 15, 15, 15, 15, 15, 15, 15,
