70,88
 15, 15, 15, 15, 15, 15, 15, 15, 15, 15, 15, 15, 15, 15, 15, 15, 15, 15, 15, 15, 15, 15, 15, 15, 15, 15, 15, 15, 15, 15, 15, 15, 15, 15, 15, 15, 15, 15, 15, 15, 15, 15, 15, 15, 15, 15, 15, 15, 15, 15, 15, 15, 15, 15, 15, 15, 15, 15, 15, 15, 15, 15, 15, 15, 15, 15, 15, 15, 15, 15,
 15, 15, 15, 15, 15, 15, 15, 15, 15, 15, 15, 15, 15, 15, 15, 15, 15, 15, 15, 15, 15, 15, 15, 15, 15, 15, 15, 15, 15, 15, 15, 15, 15, 15, 15, 15, 15, 15, 15, 15, 15, 15, 15, 15, 15, 15, 15, 15, 15, 15, 15, 15, 15, 15, 15, 15, 15, 15, 15, 15, 15, 15, 15, 15, 15, 15, 15, 15, 15, 15,
 15, 15, 15, 15, 15, 15, 15, 15, 15, 15, 15, 15, 15, 15, 15, 15, 15, 15, 15, 15, 15, 15, 15, 15, 15, 15, 15, 15, 15, 15, 15, 15, 15, 15, 15, 15, 15, 15, 15, 15, 15, 15, 15, 15, 15, 15, 15, 15, 15, 15, 15, 15, 15, 15, 15, 15, 15, 15, 15, 15, 15, 15, 15, 15, 15, 15, 15, 15, 15, 15,
 15, 15, 15, 15, 15, 15, 15, 15, 15, 15, 15, 15, 15, 15, 15, 15, 15, 15, 15, 15, 15, 15, 15, 15, 15, 15, 15, 15, 15, 15, 15, 15, 15, 15, 15, 15, 15, 15, 15, 15, 15, 15, 15, 15, 15, 15, 15, 15, 15, 15, 15, 15, 15, 15, 15, 15, 15, 15, 15, 15, 15, 15, 15, 15, 15, 15, 15, 15, 15, 15,
 15, 15, 15, 15, 15, 15, 15, 15, 15, 15, 15, 15, 15, 15, 15, 15, 15, 15, 15, 15, 15, 15, 15, 15, 15, 15, 15, 15, 15, 15, 15, 15, 15, 15, 15, 15,  6,  6,  6,  6,  6,  6,  6,  6,  6,  6,  6,  6, 15, 15, 15, 15, 15, 15, 15, 15, 15, 15, 15, 15, 15, 15, 15, 15, 15, 15, 15, 15, 15, 15,
 15, 15, 15, 15, 15, 15, 15, 15, 15, 15, 15, 15, 15, 15, 15, 15, 15, 15, 15, 15, 15, 15, 15, 15, 15, 15, 15, 15, 15, 15, 15, 15, 15, 15,  6,  6,  6,  6,  6,  6,  7,  7,  7,  7,  7,  7,  6,  6,  6,  6, 15, 15, 15, 15, 15, 15, 15, 15, 15, 15, 15, 15, 15, 15, 15, 15, 15, 15, 15, 15,
 15, 15, 15, 15, 15, 15, 15, 15, 15, 15, 15, 15, 15, 15, 15, 15, 15, 15, 15, 15, 15, 15, 15, 15, 15, 15, 15, 15, 15, 15, 15, 15,  6,  6,  6,  6,  7,  7,  7,  7,  7,  7,  7,  7,  7,  7,  7,  7,  6,  6,  6,  6,  6,  6, 15, 15, 15, 15, 15, 15, 15, 15, 15, 15, 15, 15, 15, 15, 15, 15,
 15, 15, 15, 15, 15, 15, 15, 15, 15, 15, 15, 15, 15, 15, 15, 15, 15, 15, 15, 15,  6,  6,  6,  6,  6,  6, 15, 15, 15, 15, 15, 15,  6,  6,  7,  7,  7,  7,  5,  5,  5,  5,  5,  5,  7,  7,  7,  7,  7,  7,  6,  6,  6,  6, 15, 15, 15, 15, 15, 15, 15, 15, 15, 15, 15, 15, 15, 15, 15, 15,
 15, 15, 15, 15, 15, 15, 15, 15, 15, 15, 15, 15, 15, 15, 15, 15, 15, 15,  6,  6,  6,  6,  6,  6,  6,  6,  6,  6,  6,  6, 15, 15,  7,  7,  7,  7,  5,  5,  5,  5,  5,  5,  5,  5,  5,  5,  5,  5,  7,  7,  7,  7,  6,  6, 15, 15, 15, 15, 15, 15, 15, 15, 15, 15, 15, 15, 15, 15, 15, 15,
 15, 15, 15, 15, 15, 15, 15, 15, 15, 15, 15, 15, 15, 15, 15, 15,  6,  6,  6,  6,  5,  5,  5,  5,  5,  5,  7,  7,  7,  7,  6,  6,  6,  6,  5,  5,  5,  5,  5,  5,  5,  5,  5,  5,  5,  5,  5,  5,  5,  5,  7,  7,  7,  7,  6,  6, 15, 15, 15, 15, 15, 15, 15, 15, 15, 15, 15, 15, 15, 15,
 15, 15, 15, 15, 15, 15, 15, 15, 15, 15, 15, 15, 15, 15,  6,  6,  6,  6,  5,  5,  5,  5,  5,  5,  5,  5,  5,  5,  5,  5,  7,  7,  6,  6,  6,  6,  5,  5,  5,  5,  5,  5,  5,  5,  5,  5,  5,  5,  5,  5,  7,  7,  7,  7,  6,  6, 15, 15, 15, 15, 15, 15, 15, 15, 15, 15, 15, 15, 15, 15,
 15, 15, 15, 15, 15, 15, 15, 15, 15, 15, 15, 15, 15, 15,  6,  6,  7,  7,  5,  5,  5,  5,  5,  5,  5,  5,  5,  5,  5,  5,  5,  5,  7,  7,  6,  6,  6,  6,  5,  5,  5,  5,  5,  5,  5,  5,  5,  5,  5,  5,  5,  5,  7,  7,  6,  6,  6,  6, 15, 15, 15, 15, 15, 15, 15, 15, 15, 15, 15, 15,
 15, 15, 15, 15, 15, 15, 15, 15, 15, 15, 15, 15, 15, 15,  6,  6,  7,  7,  5,  5,  5,  5,  5,  5,  5,  5,  5,  5,  5,  5,  5,  5,  5,  5,  7,  7,  6,  6,  6,  6,  5,  5,  5,  5,  5,  5,  5,  5,  5,  5,  5,  5,  7,  7,  7,  7,  6,  6, 15, 15, 15, 15, 15, 15, 15, 15, 15, 15, 15, 15,
 15, 15, 15, 15, 15, 15, 15, 15, 15, 15, 15, 15, 15, 15,  7,  7,  7,  7,  5,  5,  5,  5,  5,  5,  5,  5,  5,  5,  5,  5,  5,  5,  5,  5,  5,  5,  7,  7,  6,  6,  5,  5,  5,  5,  5,  5,  5,  5,  5,  5,  5,  5,  7,  7,  7,  7,  6,  6,  6,  6,  6,  6, 15, 15, 15, 15, 15, 15, 15, 15,
 15, 15, 15, 15, 15, 15, 15, 15, 15, 15, 15, 15,  6,  6,  7,  7,  7,  7,  5,  5,  5,  5,  5,  5,  5,  5,  5,  5,  5,  5,  5,  5,  5,  5,  5,  5,  7,  7,  6,  6,  5,  5,  5,  5,  5,  5,  5,  5,  5,  5,  5,  5,  7,  7,  7,  7,  6,  6,  6,  6,  6,  6,  6,  6, 15, 15, 15, 15, 15, 15,
 15, 15, 15, 15, 15, 15, 15, 15, 15, 15, 15, 15,  6,  6,  6,  6,  6,  6,  5,  5,  5,  5,  5,  5,  5,  5,  5,  5,  5,  5,  5,  5,  5,  5,  5,  5,  5,  5,  7,  7,  6,  6,  5,  5,  5,  5,  5,  5,  5,  5,  5,  5,  7,  7,  7,  7,  6,  6,  7,  7,  7,  7,  6,  6,  6,  6, 15, 15, 15, 15,
 15, 15, 15, 15, 15, 15, 15, 15, 15, 15,  6,  6,  6,  6,  7,  7,  5,  5,  5,  5,  5,  5,  5,  5,  5,  5,  5,  5,  5,  5,  5,  5,  5,  5,  5,  5,  5,  5,  7,  7,  6,  6,  5,  5,  5,  5,  5,  5,  5,  5,  5,  5,  5,  5,  7,  7,  6,  6,  7,  7,  7,  7,  6,  6,  6,  6, 15, 15, 15, 15,
 15, 15, 15, 15, 15, 15, 15, 15,  6,  6,  6,  6,  7,  7,  7,  7,  5,  5,  5,  5,  5,  5,  5,  5,  5,  5,  5,  5,  5,  5,  5,  5,  5,  5,  5,  5,  5,  5,  7,  7,  7,  7,  5,  5,  5,  5,  5,  5,  5,  5,  5,  5,  5,  5,  7,  7,  6,  6,  5,  5,  7,  7,  7,  7,  6,  6,  6,  6, 15, 15,
 15, 15, 15, 15, 15, 15,  6,  6,  6,  6,  7,  7,  5,  5,  5,  5,  5,  5,  5,  5,  5,  5,  5,  5,  5,  5,  5,  5,  5,  5,  5,  5,  5,  5,  5,  5,  5,  5,  5,  5,  7,  7,  5,  5,  5,  5,  5,  5,  5,  5,  5,  5,  5,  5,  7,  7,  6,  6,  5,  5,  5,  5,  7,  7,  7,  7,  6,  6, 15, 15,
 15, 15, 15, 15, 15, 15,  6,  6,  6,  6,  7,  7,  5,  5,  5,  5,  5,  5,  5,  5,  5,  5,  5,  5,  5,  5,  5,  5,  5,  5,  5,  5,  5,  5,  5,  5,  5,  5,  5,  5,  7,  7,  5,  5,  5,  5,  5,  5,  5,  5,  5,  5,  5,  5,  7,  7,  6,  6,  5,  5,  5,  5,  5,  5,  7,  7,  6,  6, 15, 15,
 15, 15, 15, 15, 15, 15,  6,  6,  7,  7,  5,  5,  5,  5,  5,  5,  5,  5,  5,  5,  5,  5,  5,  5,  5,  5,  5,  5,  5,  5,  5,  5,  5,  5,  5,  5,  5,  5,  5,  5,  5,  5,  5,  5,  5,  5,  5,  5,  5,  5,  5,  5,  5,  5,  7,  7,  6,  6,  5,  5,  5,  5,  5,  5,  7,  7,  6,  6, 15, 15,
 15, 15, 15, 15, 15, 15,  6,  6,  7,  7,  5,  5,  5,  5,  5,  5,  5,  5,  5,  5,  5,  5,  5,  5,  5,  5,  5,  5,  5,  5,  5,  5,  5,  5,  5,  5,  5,  5,  5,  5,  5,  5,  5,  5,  5,  5,  5,  5,  5,  5,  5,  5,  5,  5,  7,  7,  7,  7,  5,  5,  5,  5,  5,  5,  7,  7,  6,  6,  6,  6,
 15, 15, 15, 15, 15, 15,  6,  6,  7,  7,  5,  5,  5,  5,  7,  7,  7,  7,  7,  7,  5,  5,  5,  5,  5,  5,  5,  5,  5,  5,  5,  5,  5,  5,  5,  5,  5,  5,  5,  5,  5,  5,  5,  5,  5,  5,  5,  5,  5,  5,  5,  5,  5,  5,  7,  7,  5,  5,  5,  5,  5,  5,  5,  5,  5,  5,  7,  7,  6,  6,
 15, 15, 15, 15, 15, 15,  6,  6,  7,  7,  5,  5,  7,  7,  7,  7,  7,  7,  7,  7,  5,  5,  5,  5,  5,  5,  5,  5,  5,  5,  5,  5,  5,  5,  7,  7,  5,  5,  5,  5,  5,  5,  5,  5,  5,  5,  5,  5,  5,  5,  5,  5,  5,  5,  5,  5,  5,  5,  5,  5,  5,  5,  5,  5,  5,  5,  7,  7,  6,  6,
 15, 15, 15, 15, 15, 15,  6,  6,  7,  7,  6,  6,  7,  7,  7,  7,  5,  5,  5,  5,  5,  5,  5,  5,  5,  5,  5,  5,  5,  5,  5,  5,  5,  5,  7,  7,  6,  6,  7,  7,  5,  5,  5,  5,  5,  5,  5,  5,  5,  5,  5,  5,  5,  5,  7,  7,  5,  5,  5,  5,  5,  5,  5,  5,  5,  5,  7,  7,  6,  6,
 15, 15, 15, 15, 15, 15,  6,  6,  6,  6,  7,  7,  7,  7,  7,  7,  5,  5,  5,  5,  5,  5,  5,  5,  5,  5,  5,  5,  5,  5,  5,  5,  5,  5,  5,  5,  7,  7,  7,  7,  6,  6,  6,  6,  5,  5,  5,  5,  5,  5,  5,  5,  5,  5,  7,  7,  5,  5,  5,  5,  5,  5,  5,  5,  5,  5,  7,  7,  6,  6,
 15, 15, 15, 15, 15, 15,  6,  6,  6,  6,  7,  7,  5,  5,  5,  5,  5,  5,  5,  5,  5,  5,  5,  5,  5,  5,  5,  5,  5,  5,  5,  5,  5,  5,  5,  5,  5,  5,  7,  7,  7,  7,  6,  6,  6,  6,  5,  5,  5,  5,  5,  5,  5,  5,  5,  5,  5,  5,  5,  5,  5,  5,  5,  5,  5,  5,  7,  7,  7,  7,
 15, 15, 15, 15, 15, 15,  6,  6,  6,  6,  7,  7,  5,  5,  5,  5,  5,  5,  5,  5,  5,  5,  5,  5,  5,  5,  5,  5,  5,  5,  5,  5,  5,  5,  5,  5,  5,  5,  5,  5,  7,  7,  7,  7,  6,  6,  6,  6,  5,  5,  5,  5,  5,  5,  5,  5,  5,  5,  5,  5,  5,  5,  5,  5,  5,  5,  7,  7,  7,  7,
 15, 15, 15, 15, 15, 15,  6,  6,  7,  7,  5,  5,  5,  5,  5,  5,  5,  5,  5,  5,  5,  5,  5,  5,  5,  5,  5,  5,  5,  5,  5,  5,  5,  5,  5,  5,  5,  5,  5,  5,  5,  5,  7,  7,  7,  7,  6,  6,  6,  6,  5,  5,  5,  5,  5,  5,  5,  5,  5,  5,  5,  5,  5,  5,  5,  5,  7,  7,  7,  7,
 15, 15, 15, 15,  6,  6,  6,  6,  7,  7,  5,  5,  5,  5,  5,  5,  5,  5,  5,  5,  5,  5,  5,  5,  5,  5,  5,  5,  5,  5,  5,  5,  5,  5,  5,  5,  5,  5,  5,  5,  5,  5,  7,  7,  7,  7,  7,  7,  6,  6,  5,  5,  5,  5,  5,  5,  5,  5,  5,  5,  5,  5,  5,  5,  5,  5,  7,  7,  6,  6,
 15, 15, 15, 15,  6,  6,  6,  6,  5,  5,  5,  5,  5,  5,  5,  5,  5,  5,  5,  5,  5,  5,  5,  5,  5,  5,  5,  5,  5,  5,  5,  5,  5,  5,  5,  5,  5,  5,  5,  5,  5,  5,  5,  5,  7,  7,  7,  7,  6,  6,  6,  6,  5,  5,  5,  5,  5,  5,  5,  5,  5,  5,  5,  5,  5,  5,  7,  7,  6,  6,
 15, 15, 15, 15,  6,  6,  7,  7,  5,  5,  5,  5,  5,  5,  5,  5,  5,  5,  5,  5,  5,  5,  5,  5,  5,  5,  5,  5,  5,  5,  5,  5,  5,  5,  5,  5,  5,  5,  5,  5,  5,  5,  5,  5,  7,  7,  7,  7,  7,  7,  6,  6,  5,  5,  5,  5,  5,  5,  5,  5,  5,  5,  5,  5,  7,  7,  7,  7,  6,  6,
 15, 15, 15, 15,  6,  6,  7,  7,  5,  5,  5,  5,  5,  5,  5,  5,  5,  5,  5,  5,  5,  5,  5,  5,  5,  5,  5,  5,  5,  5,  5,  5,  5,  5,  5,  5,  5,  5,  5,  5,  5,  5,  5,  5,  5,  5,  7,  7,  7,  7,  6,  6,  6,  6,  5,  5,  7,  7,  6,  6,  5,  5,  5,  5,  7,  7,  7,  7,  6,  6,
 15, 15, 15, 15,  6,  6,  7,  7,  5,  5,  5,  5,  5,  5,  5,  5,  5,  5,  5,  5,  5,  5,  5,  5,  5,  5,  5,  5,  5,  5,  5,  5,  5,  5,  5,  5,  5,  5,  5,  5,  5,  5,  5,  5,  5,  5,  7,  7,  7,  7,  6,  6,  6,  6,  5,  5,  5,  5,  7,  7,  6,  6,  5,  5,  7,  7,  6,  6,  6,  6,
 15, 15, 15, 15,  6,  6,  7,  7,  5,  5,  5,  5,  5,  5,  5,  5,  5,  5,  5,  5,  5,  5,  5,  5,  5,  5,  5,  5,  5,  5,  5,  5,  5,  5,  5,  5,  5,  5,  5,  5,  5,  5,  5,  5,  5,  5,  7,  7,  7,  7,  6,  6,  6,  6,  5,  5,  5,  5,  5,  5,  7,  7,  6,  6,  6,  6,  6,  6, 15, 15,
 15, 15, 15, 15,  6,  6,  5,  5,  5,  5,  5,  5,  5,  5,  5,  5,  5,  5,  5,  5,  5,  5,  5,  5,  5,  5,  5,  5,  5,  5,  5,  5,  5,  5,  5,  5,  5,  5,  5,  5,  5,  5,  5,  5,  5,  5,  7,  7,  7,  7,  6,  6,  6,  6,  5,  5,  5,  5,  5,  5,  7,  7,  6,  6,  6,  6, 15, 15, 15, 15,
 15, 15, 15, 15,  7,  7,  5,  5,  5,  5,  5,  5,  5,  5,  5,  5,  5,  5,  5,  5,  5,  5,  5,  5,  5,  5,  5,  5,  5,  5,  5,  5,  5,  5,  5,  5,  5,  5,  5,  5,  5,  5,  5,  5,  5,  5,  5,  5,  7,  7,  6,  6,  6,  6,  5,  5,  5,  5,  5,  5,  5,  5,  7,  7,  6,  6, 15, 15, 15, 15,
 15, 15, 15, 15,  7,  7,  5,  5,  5,  5,  5,  5,  5,  5,  5,  5,  5,  5,  5,  5,  5,  5,  5,  5,  5,  5,  5,  5,  5,  5,  5,  5,  5,  5,  5,  5,  5,  5,  5,  5,  5,  5,  5,  5,  5,  5,  5,  5,  7,  7,  6,  6,  6,  6,  5,  5,  5,  5,  5,  5,  5,  5,  7,  7,  6,  6,  6,  6, 15, 15,
 15, 15, 15, 15,  7,  7,  5,  5,  5,  5,  5,  5,  5,  5,  5,  5,  5,  5,  5,  5,  5,  5,  5,  5,  5,  5,  5,  5,  5,  5,  5,  5,  5,  5,  5,  5,  5,  5,  5,  5,  5,  5,  5,  5,  5,  5,  5,  5,  7,  7,  6,  6,  6,  6,  6,  6,  5,  5,  5,  5,  5,  5,  7,  7,  7,  7,  6,  6, 15, 15,
 15, 15, 15, 15,  6,  6,  7,  7,  5,  5,  5,  5,  5,  5,  5,  5,  5,  5,  5,  5,  5,  5,  5,  5,  5,  5,  5,  5,  5,  5,  5,  5,  5,  5,  5,  5,  5,  5,  5,  5,  5,  5,  5,  5,  5,  5,  5,  5,  7,  7,  6,  6,  6,  6,  6,  6,  5,  5,  5,  5,  5,  5,  5,  5,  7,  7,  6,  6, 15, 15,
 15, 15,  6,  6,  6,  6,  7,  7,  5,  5,  5,  5,  5,  5,  5,  5,  5,  5,  5,  5,  5,  5,  5,  5,  5,  5,  5,  5,  5,  5,  5,  5,  5,  5,  5,  5,  5,  5,  5,  5,  5,  5,  5,  5,  5,  5,  5,  5,  7,  7,  6,  6,  6,  6,  5,  5,  5,  5,  5,  5,  5,  5,  5,  5,  7,  7,  6,  6, 15, 15,
 15, 15,  6,  6,  7,  7,  7,  7,  5,  5,  5,  5,  5,  5,  5,  5,  5,  5,  5,  5,  5,  5,  5,  5,  5,  5,  5,  5,  5,  5,  5,  5,  5,  5,  5,  5,  5,  5,  5,  5,  5,  5,  5,  5,  5,  5,  5,  5,  7,  7,  6,  6,  6,  6,  5,  5,  5,  5,  5,  5,  5,  5,  5,  5,  7,  7,  6,  6, 15, 15,
  6,  6,  7,  7,  7,  7,  7,  7,  5,  5,  5,  5,  5,  5,  5,  5,  5,  5,  5,  5,  5,  5,  5,  5,  5,  5,  5,  5,  5,  5,  5,  5,  5,  5,  5,  5,  5,  5,  5,  5,  5,  5,  5,  5,  5,  5,  7,  7,  7,  7,  6,  6,  5,  5,  5,  5,  5,  5,  5,  5,  5,  5,  5,  5,  7,  7,  6,  6, 15, 15,
  6,  6,  7,  7,  5,  5,  5,  5,  7,  7,  5,  5,  5,  5,  5,  5,  5,  5,  5,  5,  5,  5,  5,  5,  5,  5,  5,  5,  5,  5,  5,  5,  5,  5,  5,  5,  5,  5,  5,  5,  5,  5,  5,  5,  5,  5,  7,  7,  7,  7,  6,  6,  5,  5,  5,  5,  5,  5,  5,  5,  5,  5,  5,  5,  7,  7,  6,  6, 15, 15,
  6,  6,  7,  7,  5,  5,  5,  5,  5,  5,  5,  5,  5,  5,  5,  5,  5,  5,  5,  5,  5,  5,  5,  5,  5,  5,  5,  5,  5,  5,  5,  5,  5,  5,  5,  5,  5,  5,  5,  5,  5,  5,  5,  5,  5,  5,  7,  7,  6,  6,  5,  5,  5,  5,  5,  5,  5,  5,  5,  5,  5,  5,  5,  5,  7,  7,  6,  6, 15, 15,
  6,  6,  7,  7,  5,  5,  5,  5,  5,  5,  5,  5,  5,  5,  7,  7,  5,  5,  5,  5,  5,  5,  5,  5,  5,  5,  5,  5,  5,  5,  5,  5,  5,  5,  5,  5,  5,  5,  5,  5,  5,  5,  5,  5,  5,  5,  7,  7,  6,  6,  5,  5,  5,  5,  5,  5,  5,  5,  5,  5,  5,  5,  5,  5,  7,  7,  6,  6, 15, 15,
  6,  6,  7,  7,  7,  7,  5,  5,  5,  5,  5,  5,  5,  5,  7,  7,  5,  5,  5,  5,  5,  5,  5,  5,  5,  5,  5,  5,  5,  5,  5,  5,  5,  5,  7,  7,  5,  5,  5,  5,  5,  5,  5,  5,  5,  5,  6,  6,  5,  5,  5,  5,  5,  5,  5,  5,  5,  5,  5,  5,  5,  5,  5,  5,  7,  7,  6,  6, 15, 15,
  6,  6,  7,  7,  7,  7,  5,  5,  5,  5,  5,  5,  5,  5,  6,  6,  7,  7,  5,  5,  5,  5,  5,  5,  5,  5,  5,  5,  5,  5,  5,  5,  7,  7,  7,  7,  6,  6,  5,  5,  5,  5,  5,  5,  7,  7,  7,  7,  5,  5,  5,  5,  5,  5,  5,  5,  5,  5,  5,  5,  5,  5,  5,  5,  6,  6,  6,  6, 15, 15,
  6,  6,  7,  7,  7,  7,  5,  5,  5,  5,  5,  5,  5,  5,  6,  6,  7,  7,  7,  7,  5,  5,  5,  5,  5,  5,  5,  5,  5,  5,  7,  7,  7,  7,  6,  6,  5,  5,  5,  5,  5,  5,  5,  5,  6,  6,  5,  5,  5,  5,  5,  5,  5,  5,  5,  5,  5,  5,  5,  5,  5,  5,  5,  5,  6,  6, 15, 15, 15, 15,
 15, 15,  6,  6,  7,  7,  5,  5,  5,  5,  5,  5,  7,  7,  6,  6,  6,  6,  7,  7,  7,  7,  7,  7,  5,  5,  7,  7,  7,  7,  7,  7,  7,  7,  6,  6,  5,  5,  5,  5,  5,  5,  7,  7,  5,  5,  5,  5,  5,  5,  5,  5,  5,  5,  5,  5,  5,  5,  5,  5,  5,  5,  7,  7,  6,  6, 15, 15, 15, 15,
 15, 15,  6,  6,  7,  7,  5,  5,  5,  5,  5,  5,  7,  7,  5,  5,  6,  6,  7,  7,  7,  7,  7,  7,  7,  7,  7,  7,  7,  7,  7,  7,  6,  6,  5,  5,  5,  5,  5,  5,  5,  5,  5,  5,  5,  5,  5,  5,  5,  5,  5,  5,  5,  5,  5,  5,  5,  5,  5,  5,  5,  5,  6,  6,  6,  6, 15, 15, 15, 15,
 15, 15,  6,  6,  7,  7,  7,  7,  5,  5,  5,  5,  7,  7,  5,  5,  5,  5,  6,  6,  6,  6,  6,  6,  6,  6,  6,  6,  6,  6,  6,  6,  6,  6,  5,  5,  5,  5,  5,  5,  5,  5,  5,  5,  5,  5,  5,  5,  5,  5,  5,  5,  5,  5,  5,  5,  5,  5,  5,  5,  5,  5,  6,  6, 15, 15, 15, 15, 15, 15,
 15, 15, 15, 15,  6,  6,  7,  7,  5,  5,  6,  6,  7,  7,  5,  5,  5,  5,  5,  5,  6,  6,  6,  6,  6,  6,  6,  6,  6,  6,  6,  6,  5,  5,  5,  5,  5,  5,  5,  5,  5,  5,  5,  5,  5,  5,  5,  5,  5,  5,  5,  5,  5,  5,  5,  5,  5,  5,  5,  5,  6,  6,  6,  6, 15, 15, 15, 15, 15, 15,
 15, 15, 15, 15,  6,  6,  6,  6,  5,  5,  6,  6,  7,  7,  5,  5,  5,  5,  5,  5,  5,  5,  5,  5,  6,  6,  6,  6,  5,  5,  5,  5,  5,  5,  5,  5,  5,  5,  5,  5,  5,  5,  5,  5,  5,  5,  5,  5,  5,  5,  5,  5,  5,  5,  5,  5,  5,  5,  5,  5,  6,  6,  6,  6, 15, 15, 15, 15, 15, 15,
 15, 15, 15, 15,  6,  6,  6,  6,  6,  6,  6,  6,  7,  7,  5,  5,  5,  5,  5,  5,  5,  5,  5,  5,  5,  5,  5,  5,  5,  5,  5,  5,  5,  5,  5,  5,  5,  5,  5,  5,  5,  5,  5,  5,  5,  5,  5,  5,  5,  5,  5,  5,  5,  5,  5,  5,  7,  7,  6,  6,  6,  6,  6,  6, 15, 15, 15, 15, 15, 15,
 15, 15, 15, 15, 15, 15,  6,  6,  6,  6,  6,  6,  7,  7,  5,  5,  5,  5,  5,  5,  5,  5,  5,  5,  5,  5,  5,  5,  5,  5,  5,  5,  5,  5,  5,  5,  5,  5,  5,  5,  5,  5,  5,  5,  5,  5,  5,  5,  5,  5,  5,  5,  5,  5,  7,  7,  6,  6,  6,  6,  6,  6, 15, 15, 15, 15, 15, 15, 15, 15,
 15, 15, 15, 15, 15, 15, 15, 15, 15, 15,  6,  6,  7,  7,  5,  5,  5,  5,  5,  5,  5,  5,  5,  5,  5,  5,  5,  5,  5,  5,  5,  5,  5,  5,  5,  5,  5,  5,  5,  5,  5,  5,  5,  5,  5,  5,  5,  5,  5,  5,  5,  5,  6,  6,  6,  6,  6,  6,  6,  6,  6,  6, 15, 15, 15, 15, 15, 15, 15, 15,
 15, 15, 15, 15, 15, 15, 15, 15, 15, 15,  6,  6,  7,  7,  5,  5,  5,  5,  5,  5,  5,  5,  5,  5,  5,  5,  5,  5,  5,  5,  5,  5,  5,  5,  5,  5,  5,  5,  5,  5,  5,  5,  5,  5,  5,  5,  6,  6,  6,  6,  6,  6,  6,  6,  6,  6,  6,  6,  6,  6, 15, 15, 15, 15, 15, 15, 15, 15, 15, 15,
 15, 15, 15, 15, 15, 15, 15, 15, 15, 15,  6,  6,  7,  7,  5,  5,  5,  5,  5,  5,  5,  5,  5,  5,  5,  5,  5,  5,  5,  5,  5,  5,  5,  5,  5,  5,  5,  5,  5,  5,  5,  5,  6,  6,  6,  6,  6,  6,  6,  6,  6,  6,  6,  6,  6,  6,  7,  7, 15, 15, 15, 15, 15, 15, 15, 15, 15, 15, 15, 15,
 15, 15, 15, 15, 15, 15, 15, 15, 15, 15,  6,  6,  7,  7,  7,  7,  5,  5,  5,  5,  5,  5,  5,  5,  5,  5,  5,  5,  5,  5,  5,  5,  5,  5,  5,  5,  5,  5,  5,  5,  5,  5,  5,  5,  5,  5,  5,  5,  5,  5,  5,  5,  7,  7,  7,  7, 15, 15, 15, 15, 15, 15, 15, 15, 15, 15, 15, 15, 15, 15,
 15, 15, 15, 15, 15, 15, 15, 15, 15, 15, 15, 15,  6,  6,  7,  7,  5,  5,  5,  5,  5,  5,  5,  5,  5,  5,  5,  5,  5,  5,  5,  5,  5,  5,  5,  5,  5,  5,  5,  5,  5,  5,  5,  5,  5,  5,  5,  5,  5,  5,  5,  5,  7,  7,  7,  7,  6,  6, 15, 15, 15, 15, 15, 15, 15, 15, 15, 15, 15, 15,
 15, 15, 15, 15, 15, 15, 15, 15, 15, 15, 15, 15,  6,  6,  7,  7,  5,  5,  5,  5,  5,  5,  5,  5,  5,  5,  5,  5,  5,  5,  5,  5,  5,  5,  5,  5,  5,  5,  5,  5,  5,  5,  5,  5,  5,  5,  5,  5,  5,  5,  5,  5,  7,  7,  7,  7,  6,  6, 15, 15, 15, 15, 15, 15, 15, 15, 15, 15, 15, 15,
 15, 15, 15, 15, 15, 15, 15, 15, 15, 15, 15, 15,  6,  6,  7,  7,  7,  7,  5,  5,  5,  5,  5,  5,  5,  5,  5,  5,  5,  5,  5,  5,  5,  5,  5,  5,  5,  5,  5,  5,  5,  5,  5,  5,  5,  5,  5,  5,  5,  5,  5,  5,  7,  7,  7,  7, 15, 15, 15, 15, 15, 15, 15, 15, 15, 15, 15, 15, 15, 15,
 15, 15, 15, 15, 15, 15, 15, 15, 15, 15, 15, 15,  6,  6,  7,  7,  7,  7,  7,  7,  5,  5,  5,  5,  5,  5,  5,  5,  5,  5,  5,  5,  5,  5,  5,  5,  5,  5,  5,  5,  5,  5,  5,  5,  5,  5,  5,  5,  5,  5,  7,  7,  7,  7,  6,  6, 15, 15, 15, 15, 15, 15, 15, 15, 15, 15, 15, 15, 15, 15,
 15, 15, 15, 15, 15, 15, 15, 15, 15, 15, 15, 15, 15, 15,  6,  6,  7,  7,  7,  7,  5,  5,  5,  5,  5,  5,  5,  5,  5,  5,  5,  5,  5,  5,  5,  5,  7,  7,  5,  5,  5,  5,  5,  5,  5,  5,  5,  5,  5,  5,  7,  7,  6,  6, 15, 15, 15, 15, 15, 15, 15, 15, 15, 15, 15, 15, 15, 15, 15, 15,
 15, 15, 15, 15, 15, 15, 15, 15, 15, 15, 15, 15, 15, 15,  6,  6,  7,  7,  7,  7,  5,  5,  5,  5,  5,  5,  5,  5,  5,  5,  5,  5,  5,  5,  7,  7,  5,  5,  5,  5,  5,  5,  5,  5,  5,  5,  5,  5,  7,  7,  7,  7,  7,  7, 15, 15, 15, 15, 15, 15, 15, 15, 15, 15, 15, 15, 15, 15, 15, 15,
 15, 15, 15, 15, 15, 15, 15, 15, 15, 15, 15, 15, 15, 15,  6,  6,  6,  6,  7,  7,  7,  7,  5,  5,  5,  5,  5,  5,  5,  5,  5,  5,  7,  7,  7,  7,  6,  6,  5,  5,  5,  5,  5,  5,  5,  5,  5,  5,  7,  7,  6,  6, 15, 15, 15, 15, 15, 15, 15, 15, 15, 15, 15, 15, 15, 15, 15, 15, 15, 15,
 15, 15, 15, 15, 15, 15, 15, 15, 15, 15, 15, 15, 15, 15,  6,  6,  6,  6,  6,  6,  7,  7,  7,  7,  7,  7,  7,  7,  7,  7,  7,  7,  7,  7,  6,  6,  5,  5,  5,  5,  5,  5,  5,  5,  5,  5,  7,  7,  6,  6, 15, 15, 15, 15, 15, 15, 15, 15, 15, 15, 15, 15, 15, 15, 15, 15, 15, 15, 15, 15,
 15, 15, 15, 15, 15, 15, 15, 15, 15, 15, 15, 15, 15, 15, 15, 15,  6,  6,  6,  6,  7,  7,  7,  7,  7,  7,  7,  7,  7,  7,  6,  6,  6,  6,  7,  7,  7,  7,  7,  7,  5,  5,  5,  5,  7,  7,  7,  7,  6,  6, 15, 15, 15, 15, 15, 15, 15, 15, 15, 15, 15, 15, 15, 15, 15, 15, 15, 15, 15, 15,
 15, 15, 15, 15, 15, 15, 15, 15, 15, 15, 15, 15, 15, 15, 15, 15, 15, 15,  6,  6,  6,  6,  6,  6,  6,  6,  6,  6,  6,  6,  6,  6,  6,  6,  6,  6,  7,  7,  7,  7,  7,  7,  6,  6,  6,  6,  6,  6, 15, 15, 15, 15, 15, 15, 15, 15, 15, 15, 15, 15, 15, 15, 15, 15, 15, 15, 15, 15, 15, 15,
 15, 15, 15, 15, 15, 15, 15, 15, 15, 15, 15, 15, 15, 15, 15, 15, 15, 15, 15, 15, 15, 15, 15, 15, 15, 15,  6,  6,  6,  6, 15, 15, 15, 15,  6,  6,  6,  6,  6,  6,  6,  6,  6,  6,  6,  6, 15, 15, 15, 15, 15, 15, 15, 15, 15, 15, 15, 15, 15, 15, 15, 15, 15, 15, 15, 15, 15, 15, 15, 15,
 15, 15, 15, 15, 15, 15, 15, 15, 15, 15, 15, 15, 15, 15, 15, 15, 15, 15, 15, 15, 15, 15, 15, 15, 15, 15, 15, 15, 15, 15, 15, 15, 15, 15, 15, 15, 15, 15, 15, 15, 15, 15, 15, 15, 15, 15, 15, 15, 15, 15, 15, 15, 15, 15, 15, 15, 15, 15, 15, 15, 15, 15, 15, 15, 15, 15, 15, 15, 15, 15,
 15, 15, 15, 15, 15, 15, 15, 15, 15, 15, 15, 15, 15, 15, 15, 15, 15, 15, 15, 15, 15, 15, 15, 15, 15, 15, 15, 15, 15, 15, 15, 15, 15, 15, 15, 15, 15, 15, 15, 15, 15, 15, 15, 15, 15, 15, 15, 15, 15, 15, 15, 15, 15, 15, 15, 15, 15, 15, 15, 15, 15, 15, 15, 15, 15, 15, 15, 15, 15, 15,
 15, 15, 15, 15, 15, 15, 15, 15, 15, 15, 15, 15, 15, 15, 15, 15, 15, 15, 15, 15, 15, 15, 15, 15, 15, 15, 15, 15, 15, 15, 15, 15, 15, 15, 15, 15, 15, 15, 15, 15, 15, 15, 15, 15, 15, 15, 15, 15, 15, 15, 15, 15, 15, 15, 15, 15, 15, 15, 15, 15, 15, 15, 15, 15, 15, 15, 15, 15, 15, 15,
 15, 15, 15, 15, 15, 15, 15, 15, 15, 15, 15, 15, 15, 15, 15, 15, 15, 15, 15, 15, 15, 15, 15, 15, 15, 15, 15, 15, 15, 15, 15, 15, 15, 15, 15, 15, 15, 15, 15, 15, 15, 15, 15, 15, 15, 15, 15, 15, 15, 15, 15, 15, 15, 15, 15, 15, 15, 15, 15, 15, 15, 15, 15, 15, 15, 15, 15, 15, 15, 15,
 15, 15, 15, 15, 15, 15, 15, 15, 15, 15, 15, 15, 15, 15, 15, 15, 15, 15, 15, 15, 15, 15, 15, 15, 15, 15, 15, 15, 15, 15, 15, 15, 15, 15, 15, 15, 15, 15, 15, 15, 15, 15, 15, 15, 15, 15, 15, 15, 15, 15, 15, 15, 15, 15, 15, 15, 15, 15, 15, 15, 15, 15, 15, 15, 15, 15, 15, 15, 15, 15,
 15, 15, 15, 15, 15, 15, 15, 15, 15, 15, 15, 15, 15, 15, 15, 15, 15, 15, 15, 15, 15, 15, 15, 15, 15, 15, 15, 15, 15, 15, 15, 15, 15, 15, 15, 15, 15, 15, 15, 15, 15, 15, 15, 15, 15, 15, 15, 15, 15, 15, 15, 15, 15, 15, 15, 15, 15, 15, 15, 15, 15, 15, 15, 15, 15, 15, 15, 15, 15, 15,
 15, 15, 15, 15, 15, 15, 15, 15, 15, 15, 15, 15, 15, 15, 15, 15, 15, 15, 15, 15, 15, 15, 15, 15, 15, 15, 15, 15, 15, 15, 15, 15, 15, 15, 15, 15, 15, 15, 15, 15, 15, 15, 15, 15, 15, 15, 15, 15, 15, 15, 15, 15, 15, 15, 15, 15, 15, 15, 15, 15, 15, 15, 15, 15, 15, 15, 15, 15, 15, 15,
 15, 15, 15, 15, 15, 15, 15, 15, 15, 15, 15, 15, 15, 15, 15, 15, 15, 15, 15, 15, 15, 15, 15, 15, 15, 15, 15, 15, 15, 15, 15, 15, 15, 15, 15, 15, 15, 15, 15, 15, 15, 15, 15, 15, 15, 15, 15, 15, 15, 15, 15, 15, 15, 15, 15, 15, 15, 15, 15, 15, 15, 15, 15, 15, 15, 15, 15, 15, 15, 15,
 15, 15, 15, 15, 15, 15, 15, 15, 15, 15, 15, 15, 15, 15, 15, 15, 15, 15, 15, 15, 15, 15, 15, 15, 15, 15, 15, 15, 15, 15, 15, 15, 15, 15, 15, 15, 15, 15, 15, 15, 15, 15, 15, 15, 15, 15, 15, 15, 15, 15, 15, 15, 15, 15, 15, 15, 15, 15, 15, 15, 15, 15, 15, 15, 15, 15, 15, 15, 15, 15,
 15, 15, 15, 15, 15, 15, 15, 15, 15, 15, 15, 15, 15, 15, 15, 15, 15, 15, 15, 15, 15, 15, 15, 15, 15, 15, 15, 15, 15, 15, 15, 15, 15, 15, 15, 15, 15, 15, 15, 15, 15, 15, 15, 15, 15, 15, 15, 15, 15, 15, 15, 15, 15, 15, 15, 15, 15, 15, 15, 15, 15, 15, 15, 15, 15, 15, 15, 15, 15, 15,
 15, 15, 15, 15, 15, 15, 15, 15, 15, 15, 15, 15, 15, 15, 15, 15, 15, 15, 15, 15, 15, 15, 15, 15, 15, 15, 15, 15, 15, 15, 15, 15, 15, 15, 15, 15, 15, 15, 15, 15, 15, 15, 15, 15, 15, 15, 15, 15, 15, 15, 15, 15, 15, 15, 15, 15, 15, 15, 15, 15, 15, 15, 15, 15, 15, 15, 15, 15, 15, 15,
 15, 15, 15, 15, 15, 15, 15, 15, 15, 15, 15, 15, 15, 15, 15, 15, 15, 15, 15, 15, 15, 15, 15, 15, 15, 15, 15, 15, 15, 15, 15, 15, 15, 15, 15, 15, 15, 15, 15, 15, 15, 15, 15, 15, 15, 15, 15, 15, 15, 15, 15, 15, 15, 15, 15, 15, 15, 15, 15, 15, 15, 15, 15, 15, 15, 15, 15, 15, 15, 15,
 15, 15, 15, 15, 15, 15, 15, 15, 15, 15, 15, 15, 15, 15, 15, 15, 15, 15, 15, 15, 15, 15, 15, 15, 15, 15, 15, 15, 15, 15, 15, 15, 15, 15, 15, 15, 15, 15, 15, 15, 15, 15, 15, 15, 15, 15, 15, 15, 15, 15, 15, 15, 15, 15, 15, 15, 15, 15, 15, 15, 15, 15, 15, 15, 15, 15, 15, 15, 15, 15,
 15, 15, 15, 15, 15, 15, 15, 15, 15, 15, 15, 15, 15, 15, 15, 15, 15, 15, 15, 15, 15, 15, 15, 15, 15, 15, 15, 15, 15, 15, 15, 15, 15, 15, 15, 15, 15, 15, 15, 15, 15, 15, 15, 15, 15, 15, 15, 15, 15, 15, 15, 15, 15, 15, 15, 15, 15, 15, 15, 15, 15, 15, 15, 15, 15, 15, 15, 15, 15, 15,
 15, 15, 15, 15, 15, 15, 15, 15, 15, 15, 15, 15, 15, 15, 15, 15, 15, 15, 15, 15, 15, 15, 15, 15, 15, 15, 15, 15, 15, 15, 15, 15, 15, 15, 15, 15, 15, 15, 15, 15, 15, 15, 15, 15, 15, 15, 15, 15, 15, 15, 15, 15, 15, 15, 15, 15, 15, 15, 15, 15, 15, 15, 15, 15, 15, 15, 15, 15, 15, 15,
 15, 15, 15, 15, 15, 15, 15, 15, 15, 15, 15, 15, 15, 15, 15, 15, 15, 15, 15, 15, 15, 15, 15, 15, 15, 15, 15, 15, 15, 15, 15, 15, 15, 15, 15, 15, 15, 15, 15, 15, 15, 15, 15, 15, 15, 15, 15, 15, 15, 15, 15, 15, 15, 15, 15, 15, 15, 15, 15, 15, 15, 15, 15, 15, 15, 15, 15, 15, 15, 15,
 15, 15, 15, 15, 15, 15, 15, 15, 15, 15, 15, 15, 15, 15, 15, 15, 15, 15, 15, 15, 15, 15, 15, 15, 15, 15, 15, 15, 15, 15, 15, 15, 15, 15, 15, 15, 15, 15, 15, 15, 15, 15, 15, 15, 15, 15, 15, 15, 15, 15, 15, 15, 15, 15, 15, 15, 15, 15, 15, 15, 15, 15, 15, 15, 15, 15, 15, 15, 15, 15,
